Accuracy: 0.88025641
Precision: 0.88607555
Recall: 0.87333333
F-M: 0.87852923
MCC: 0.76224615
AUC: 0.88025641
