Accuracy: 0.53666667
Precision: 0.82215066
Recall: 0.08974359
F-M: 0.16124779
MCC: 0.15802377
AUC: 0.53666667
