Accuracy: 0.56153846
Precision: 0.91549983
Recall: 0.13538462
F-M: 0.23458717
MCC: 0.23388393
AUC: 0.56153846
