Accuracy: 0.57589744
Precision: 0.63399096
Recall: 0.32666667
F-M: 0.42747676
MCC: 0.16854698
AUC: 0.57589744
