Accuracy: 0.78487179
Precision: 0.99259569
Recall: 0.57384615
F-M: 0.72531290
MCC: 0.62857127
AUC: 0.80201972
