Accuracy: 0.50871795
Precision: 0.50443268
Recall: 0.98205128
F-M: 0.66649353
MCC: 0.06468982
AUC: 0.50871795
