Accuracy: 0.91692308
Precision: 0.92127152
Recall: 0.91179487
F-M: 0.91591548
MCC: 0.83483510
AUC: 0.95911769
