Accuracy: 0.52743590
Precision: 0.51414962
Recall: 0.99794872
F-M: 0.67864475
MCC: 0.16280058
AUC: 0.52743590
