Accuracy: 0.76128205
Precision: 0.77591115
Recall: 0.73641026
F-M: 0.75494395
MCC: 0.52409519
AUC: 0.83854964
