Accuracy: 0.59076923
Precision: 0.55017459
Recall: 0.99692308
F-M: 0.70902059
MCC: 0.31068892
AUC: 0.59076923
