Accuracy: 0.56410256
Precision: 0.53474703
Recall: 0.98820513
F-M: 0.69394518
MCC: 0.24149975
AUC: 0.56410256
