Accuracy: 0.77564103
Precision: 0.69174075
Recall: 0.99538462
F-M: 0.81611899
MCC: 0.61414781
AUC: 0.77564103
