Accuracy: 0.87153846
Precision: 0.89094089
Recall: 0.84717949
F-M: 0.86790840
MCC: 0.74480412
AUC: 0.92261012
