Accuracy: 0.50358974
Precision: 0.43333333
Recall: 0.00974359
F-M: 0.01877073
MCC: 0.02453096
AUC: 0.50358974
