Accuracy: 0.97769231
Precision: 0.98438580
Recall: 0.97076923
F-M: 0.97685829
MCC: 0.95658918
AUC: 0.99351216
