Accuracy: 0.50000000
Precision: 0.35000000
Recall: 0.70000000
F-M: 0.46666667
MCC: 0.00000000
AUC: 0.50000000
