Accuracy: 0.76051282
Precision: 0.88538691
Recall: 0.59846154
F-M: 0.71355951
MCC: 0.55092778
AUC: 0.76051282
