Accuracy: 0.69358974
Precision: 0.71895487
Recall: 0.63692308
F-M: 0.67351077
MCC: 0.39118938
AUC: 0.75226036
