Accuracy: 0.89282051
Precision: 0.93104445
Recall: 0.84974359
F-M: 0.88486749
MCC: 0.79233513
AUC: 0.92676266
