Accuracy: 0.72538462
Precision: 0.92070611
Recall: 0.49128205
F-M: 0.63512227
MCC: 0.50919529
AUC: 0.72538462
