Accuracy: 0.58461538
Precision: 0.80046876
Recall: 0.22256410
F-M: 0.34564966
MCC: 0.24239057
AUC: 0.58461538
