Accuracy: 0.49794872
Precision: 0.30794372
Recall: 0.40000000
F-M: 0.26988725
MCC: -0.02204192
AUC: 0.49589744
