Accuracy: 0.73641026
Precision: 0.82509126
Recall: 0.60051282
F-M: 0.69448167
MCC: 0.49170296
AUC: 0.73641026
