Accuracy: 0.77871795
Precision: 0.75242615
Recall: 0.83179487
F-M: 0.78890858
MCC: 0.56320805
AUC: 0.84762788
