Accuracy: 0.72487179
Precision: 0.75660683
Recall: 0.64769231
F-M: 0.69210858
MCC: 0.45678943
AUC: 0.82642341
