Accuracy: 0.88025641
Precision: 0.94125232
Recall: 0.81128205
F-M: 0.86804407
MCC: 0.77087302
AUC: 0.88025641
