Accuracy: 0.72205128
Precision: 0.99141328
Recall: 0.44820513
F-M: 0.61193133
MCC: 0.53074800
AUC: 0.72205128
