Accuracy: 0.80717949
Precision: 0.72914621
Recall: 0.97846154
F-M: 0.83531137
MCC: 0.65508899
AUC: 0.80717949
