Accuracy: 0.89794872
Precision: 0.91261725
Recall: 0.88102564
F-M: 0.89560837
MCC: 0.79777802
AUC: 0.93985141
