Accuracy: 0.86358974
Precision: 0.82772351
Recall: 0.91897436
F-M: 0.86901241
MCC: 0.73550571
AUC: 0.86358974
