Accuracy: 0.60948718
Precision: 0.94688896
Recall: 0.22923077
F-M: 0.36432420
MCC: 0.33128405
AUC: 0.60948718
