Accuracy: 0.55564103
Precision: 0.84541871
Recall: 0.13692308
F-M: 0.23445648
MCC: 0.20361118
AUC: 0.55564103
