Accuracy: 0.79692308
Precision: 0.99191840
Recall: 0.59897436
F-M: 0.74515889
MCC: 0.64715001
AUC: 0.81523866
