Accuracy: 0.53846154
Precision: 0.60084881
Recall: 0.22923077
F-M: 0.33085319
MCC: 0.09784857
AUC: 0.53846154
