Accuracy: 0.62153846
Precision: 0.57339258
Recall: 0.92615385
F-M: 0.70740718
MCC: 0.32490109
AUC: 0.62153846
