Accuracy: 0.77948718
Precision: 0.95765281
Recall: 0.58512821
F-M: 0.72497829
MCC: 0.60713905
AUC: 0.80457199
