Accuracy: 0.49948718
Precision: 0.49974293
Recall: 0.80000000
F-M: 0.53490717
MCC: -0.01014040
AUC: 0.49897436
