Accuracy: 0.50128205
Precision: 0.36666667
Recall: 0.10358974
F-M: 0.07376301
MCC: 0.01729400
AUC: 0.50205128
