Accuracy: 0.75743590
Precision: 0.67629450
Recall: 0.98871795
F-M: 0.80304797
MCC: 0.58132996
AUC: 0.75743590
