Accuracy: 0.89000000
Precision: 0.89438174
Recall: 0.88512821
F-M: 0.88936221
MCC: 0.78066153
AUC: 0.93163051
