Accuracy: 0.50282051
Precision: 0.45000000
Recall: 0.00615385
F-M: 0.01211634
MCC: 0.03285895
AUC: 0.50282051
