Accuracy: 0.75461538
Precision: 0.94370269
Recall: 0.53948718
F-M: 0.67678349
MCC: 0.56412356
AUC: 0.75461538
