Accuracy: 0.60589744
Precision: 0.55980008
Recall: 0.99179487
F-M: 0.71558319
MCC: 0.33548491
AUC: 0.60589744
