Accuracy: 0.61205128
Precision: 0.91017625
Recall: 0.24717949
F-M: 0.38562589
MCC: 0.32504705
AUC: 0.61205128
