Accuracy: 0.73384615
Precision: 0.90068816
Recall: 0.52410256
F-M: 0.65737305
MCC: 0.51489902
AUC: 0.73384615
