Accuracy: 0.52307692
Precision: 0.51183287
Recall: 0.99948718
F-M: 0.67697984
MCC: 0.15136338
AUC: 0.52307692
