Accuracy: 0.66487179
Precision: 0.91285553
Recall: 0.35743590
F-M: 0.50123661
MCC: 0.40992961
AUC: 0.66487179
