Accuracy: 0.50000000
Precision: 0.30000000
Recall: 0.60000000
F-M: 0.40000000
MCC: 0.00000000
AUC: 0.50000000
