Accuracy: 0.99128205
Precision: 0.99137231
Recall: 0.99128205
F-M: 0.99118872
MCC: 0.98282291
AUC: 0.99988034
