Accuracy: 0.98461538
Precision: 0.97837561
Recall: 0.99128205
F-M: 0.98468398
MCC: 0.96951588
AUC: 0.99863511
