Accuracy: 0.94589744
Precision: 0.93780485
Recall: 0.95589744
F-M: 0.94610331
MCC: 0.89322420
AUC: 0.97991979
