Accuracy: 0.98794872
Precision: 0.98333365
Recall: 0.99282051
F-M: 0.98802469
MCC: 0.97600276
AUC: 0.99842604
