Accuracy: 0.97846154
Precision: 0.98568690
Recall: 0.97128205
F-M: 0.97765267
MCC: 0.95832072
AUC: 0.99575148
