Accuracy: 0.99025641
Precision: 0.99134413
Recall: 0.98923077
F-M: 0.99016549
MCC: 0.98074398
AUC: 0.99950296
