Accuracy: 0.98179487
Precision: 0.97773712
Recall: 0.98615385
F-M: 0.98185667
MCC: 0.96376470
AUC: 0.99732807
