Accuracy: 0.98487179
Precision: 0.98820897
Recall: 0.98153846
F-M: 0.98456979
MCC: 0.97028074
AUC: 0.99730440
