Accuracy: 0.98974359
Precision: 0.99033372
Recall: 0.98923077
F-M: 0.98966157
MCC: 0.97971714
AUC: 0.99937278
